0.010765 0.000010 0.973902 0.000010 0.015313
0.016838 0.000010 0.982193 0.000949 0.000010
0.056394 0.000010 0.943102 0.000010 0.000485
0.027770 0.000010 0.957757 0.008659 0.005803
0.015736 0.002612 0.972581 0.000010 0.009061
0.031646 0.000010 0.968324 0.000010 0.000010
0.000010 0.000010 0.999960 0.000010 0.000010
0.031980 0.000010 0.937805 0.030194 0.000010
0.015388 0.008800 0.975792 0.000010 0.000010
0.021733 0.000010 0.978237 0.000010 0.000010
0.021105 0.000010 0.978865 0.000010 0.000010
0.012265 0.000010 0.987705 0.000010 0.000010
0.005204 0.000010 0.987583 0.007193 0.000010
0.037835 0.000010 0.951275 0.010870 0.000010
0.000010 0.000010 0.990719 0.009251 0.000010
0.000010 0.000010 0.979801 0.009278 0.010901
0.009514 0.000010 0.990456 0.000010 0.000010
0.000011 0.000010 0.994961 0.000010 0.005008
0.023392 0.000010 0.976578 0.000010 0.000010
0.000010 0.000010 0.975381 0.008654 0.015945
0.016807 0.000010 0.975555 0.007617 0.000010
0.017695 0.000010 0.982152 0.000133 0.000010
0.021647 0.000010 0.966840 0.005977 0.005525
0.000010 0.000010 0.980077 0.009159 0.010744
0.000010 0.000010 0.969022 0.030948 0.000010
0.042447 0.000010 0.946688 0.010845 0.000010
0.000010 0.000010 0.999960 0.000010 0.000010
0.004245 0.000010 0.966733 0.000010 0.029002
0.007087 0.000010 0.956317 0.018115 0.018471
0.007619 0.000010 0.992351 0.000010 0.000010
0.000010 0.000010 0.999960 0.000010 0.000010
0.012966 0.000010 0.987004 0.000010 0.000010
0.000010 0.000010 0.999960 0.000010 0.000010
0.000010 0.000010 0.999960 0.000010 0.000010
0.000010 0.000010 0.995852 0.004118 0.000010
0.000010 0.000010 0.990438 0.009532 0.000010
0.051191 0.000010 0.948779 0.000010 0.000010
0.008182 0.000010 0.982652 0.000010 0.009146
0.000010 0.000010 0.990446 0.009524 0.000010
0.028004 0.000010 0.971966 0.000010 0.000010
0.000010 0.000010 0.996270 0.000010 0.003700
0.000010 0.008354 0.991616 0.000010 0.000010
0.013144 0.000010 0.986826 0.000010 0.000010
0.000010 0.000010 0.999960 0.000010 0.000010
0.007133 0.000010 0.992837 0.000010 0.000010
0.000010 0.004591 0.978736 0.016653 0.000010
0.000010 0.004201 0.984617 0.000010 0.011163
0.014096 0.000010 0.961151 0.000010 0.024734
0.032153 0.000010 0.967817 0.000010 0.000010
0.004561 0.000010 0.995147 0.000010 0.000272
0.000010 0.001034 0.944293 0.000010 0.054653
0.004547 0.000010 0.995423 0.000010 0.000010
0.012485 0.000010 0.964203 0.023292 0.000010
0.000010 0.000010 0.992330 0.000010 0.007640
0.015314 0.006614 0.965893 0.000010 0.012170
0.000010 0.007946 0.940977 0.028641 0.022427
0.000010 0.000010 0.999960 0.000010 0.000010
0.034844 0.008051 0.957084 0.000010 0.000010
0.035805 0.000010 0.964165 0.000010 0.000010
0.014470 0.000010 0.985500 0.000010 0.000010
0.019970 0.000010 0.905429 0.015110 0.059480
0.050966 0.000010 0.897276 0.000010 0.051738
0.051673 0.000010 0.945580 0.000010 0.002727
0.021020 0.000010 0.873245 0.000010 0.105714
0.022204 0.000010 0.922291 0.008986 0.046509
0.004929 0.000010 0.938862 0.000010 0.056188
0.026643 0.000010 0.866292 0.009582 0.097473
0.042625 0.000010 0.873972 0.000010 0.083383
0.026837 0.000010 0.905613 0.000010 0.067530
0.042985 0.000010 0.901502 0.011804 0.043699
0.048609 0.000010 0.892864 0.000010 0.058506
0.040937 0.000010 0.877132 0.000010 0.081912
0.054247 0.000010 0.912517 0.004564 0.028662
0.020635 0.000010 0.948654 0.000010 0.030691
0.023100 0.000010 0.924895 0.000010 0.051985
0.021404 0.000010 0.900728 0.000010 0.077848
0.028728 0.000010 0.899524 0.042203 0.029535
0.021089 0.000010 0.958236 0.000010 0.020655
0.000010 0.005513 0.976734 0.002868 0.014875
0.013066 0.000010 0.981998 0.004915 0.000010
0.001285 0.000010 0.964458 0.034237 0.000010
0.000010 0.000010 0.999960 0.000010 0.000010
0.000010 0.000010 0.988841 0.000010 0.011129
0.000010 0.001887 0.998083 0.000010 0.000010
0.023279 0.000010 0.931653 0.045049 0.000010
0.000010 0.000010 0.987598 0.000010 0.012372
0.000010 0.000010 0.961056 0.038914 0.000010
0.020115 0.000613 0.968901 0.010361 0.000010
0.000010 0.000010 0.999960 0.000010 0.000010
0.014076 0.000010 0.952709 0.031674 0.001531
0.000010 0.000010 0.999960 0.000010 0.000010
0.000010 0.000010 0.989505 0.000010 0.010465
0.003195 0.003168 0.964476 0.000010 0.029151
0.000010 0.000010 0.990658 0.009312 0.000010
0.000483 0.000010 0.999487 0.000010 0.000010
0.000010 0.000010 0.999960 0.000010 0.000010
0.009967 0.000010 0.990003 0.000010 0.000010
0.000010 0.006392 0.991645 0.000010 0.001944
0.005193 0.000010 0.994777 0.000010 0.000010
0.000010 0.000010 0.988145 0.000488 0.011347
0.000010 0.000010 0.983312 0.016658 0.000010
0.009063 0.002170 0.948864 0.024274 0.015629
0.021221 0.000010 0.978749 0.000010 0.000010
0.005312 0.000010 0.993177 0.000010 0.001491
0.032192 0.010475 0.922754 0.034569 0.000010
0.000010 0.000010 0.995131 0.004839 0.000010
0.000010 0.000010 0.955328 0.044642 0.000010
0.015535 0.000010 0.972783 0.000010 0.011662
0.011434 0.000010 0.988536 0.000010 0.000010
0.006484 0.000010 0.934814 0.000010 0.058681
0.000010 0.000010 0.959871 0.000010 0.040099
0.002377 0.000010 0.937445 0.000010 0.060158
0.026847 0.000010 0.922540 0.000010 0.050593
0.000010 0.000010 0.937212 0.028924 0.033844
0.014120 0.000010 0.918989 0.000010 0.066871
0.057978 0.000010 0.863916 0.014735 0.063361
0.031608 0.000010 0.941199 0.000010 0.027174
0.031196 0.004908 0.915300 0.000010 0.048586
0.037586 0.000010 0.915380 0.007377 0.039647
0.047876 0.000010 0.901546 0.000010 0.050558
0.049780 0.000010 0.895825 0.014325 0.040060
0.023524 0.000010 0.890011 0.000010 0.086446
0.004078 0.000010 0.946888 0.000010 0.049014
0.053383 0.000010 0.873021 0.000010 0.073576
0.026700 0.000010 0.905966 0.023950 0.043375
0.030923 0.000010 0.900358 0.000010 0.068700
0.027438 0.000010 0.868517 0.001821 0.102214
0.008246 0.000010 0.807601 0.171949 0.012194
0.003934 0.000010 0.822701 0.147030 0.026325
0.024391 0.000010 0.769288 0.201828 0.004483
0.022119 0.000010 0.813762 0.148341 0.015768
0.011367 0.000010 0.826369 0.162244 0.000010
0.010658 0.000010 0.924930 0.000010 0.064392
0.018215 0.000010 0.931514 0.000010 0.050251
0.044432 0.000010 0.869023 0.003149 0.083386
0.009142 0.000010 0.943596 0.000010 0.047242
0.007110 0.000010 0.921631 0.000010 0.071240
0.034001 0.000010 0.891115 0.000010 0.074864
0.046226 0.000010 0.904604 0.000010 0.049151
0.067133 0.000010 0.848071 0.008467 0.076320
0.039853 0.000010 0.895620 0.064435 0.000082
0.052262 0.000010 0.901928 0.000010 0.045789
0.000010 0.000010 0.938522 0.000010 0.061448
0.045946 0.000010 0.903526 0.000010 0.050509
0.040371 0.000010 0.903964 0.000010 0.055645
0.030233 0.000010 0.926260 0.000010 0.043487
0.034401 0.000010 0.893801 0.000010 0.071778
0.020905 0.000010 0.906611 0.001318 0.071156
0.042994 0.000010 0.901742 0.000010 0.055245
0.018370 0.000010 0.911850 0.000010 0.069759
0.012022 0.000010 0.914422 0.000010 0.073537
0.022635 0.000010 0.892071 0.000010 0.085274
0.030602 0.000010 0.927538 0.013046 0.028804
0.038256 0.000010 0.899218 0.047987 0.014529
0.041610 0.000010 0.920688 0.014184 0.023509
0.019585 0.000010 0.958901 0.002642 0.018861
0.061892 0.000010 0.923118 0.000010 0.014971
0.000010 0.000010 0.991119 0.000010 0.008851
0.037017 0.000010 0.883077 0.041806 0.038089
0.000010 0.000010 0.913727 0.000010 0.086243
0.024007 0.001920 0.902687 0.023348 0.048038
0.026831 0.000010 0.901803 0.000010 0.071346
0.057533 0.000010 0.923132 0.000010 0.019315
0.037852 0.000010 0.936566 0.000010 0.025562
0.018244 0.000010 0.950276 0.005925 0.025544
0.038374 0.000010 0.947724 0.000010 0.013882
0.030968 0.000010 0.910688 0.017627 0.040707
0.000010 0.000010 0.976392 0.008012 0.015576
0.030319 0.000010 0.895093 0.027377 0.047202
0.008011 0.000010 0.919635 0.000393 0.071951
0.000010 0.000010 0.952407 0.000010 0.047563
0.043450 0.000010 0.940725 0.000010 0.015805
0.018989 0.000010 0.918003 0.020638 0.042360
0.066097 0.000010 0.879021 0.000010 0.054863
0.047791 0.000010 0.907878 0.016400 0.027921
0.021120 0.000010 0.904852 0.000010 0.074008
0.000010 0.000010 0.916659 0.005806 0.077515
0.008961 0.000010 0.959147 0.007028 0.024854
0.024930 0.000010 0.926323 0.000010 0.048727
0.000010 0.000010 0.957495 0.000010 0.042475
0.024206 0.000010 0.933303 0.000010 0.042470
0.021433 0.000010 0.932979 0.000010 0.045569
0.044303 0.000010 0.870217 0.026834 0.058636
0.009083 0.000010 0.932014 0.000010 0.058883
0.057636 0.000010 0.900064 0.006970 0.035320
0.023444 0.000010 0.965738 0.000010 0.010797
0.000164 0.000010 0.838394 0.065535 0.095897
0.006816 0.000010 0.867889 0.031791 0.093494
0.035458 0.000010 0.928174 0.000010 0.036347
0.026809 0.000010 0.804241 0.000010 0.168931
0.044212 0.000010 0.897550 0.040882 0.017347
0.034224 0.000010 0.913358 0.003616 0.048792
0.000926 0.000010 0.943219 0.017347 0.038498
0.044886 0.000010 0.921010 0.002441 0.031653
0.011443 0.000010 0.949738 0.016859 0.021949
0.025005 0.000010 0.888031 0.004241 0.082712
0.014401 0.000010 0.940842 0.000010 0.044737
0.003406 0.000010 0.000010 0.000010 0.996564
0.000010 0.000010 0.000010 0.000010 0.999960
0.000010 0.000010 0.000010 0.000010 0.999960
0.000010 0.000010 0.000010 0.000010 0.999960
0.000010 0.000010 0.000010 0.069005 0.930965
0.000010 0.000010 0.000010 0.089616 0.910354
0.000010 0.000010 0.000010 0.001716 0.998254
0.000010 0.000010 0.000010 0.000010 0.999960
0.000010 0.000010 0.004668 0.000010 0.995302
0.000010 0.000010 0.000010 0.000010 0.999960
0.001158 0.000010 0.000010 0.000010 0.998812
0.000010 0.000010 0.000010 0.000010 0.999960
0.000010 0.000010 0.000010 0.000010 0.999960
0.000010 0.000010 0.000010 0.000010 0.999960
0.012573 0.000010 0.000014 0.000010 0.987393
0.032690 0.000010 0.000010 0.000010 0.967280
0.004453 0.000010 0.000010 0.000010 0.995517
0.018117 0.000010 0.000010 0.000010 0.981853
0.015641 0.000010 0.000010 0.000010 0.984329
0.000010 0.000010 0.000010 0.000010 0.999960
0.000010 0.000010 0.000010 0.000010 0.999960
0.004052 0.000010 0.017948 0.022683 0.955307
0.015520 0.000010 0.000010 0.000010 0.984450
0.018594 0.000010 0.000010 0.000010 0.981376
0.009857 0.000010 0.000010 0.000010 0.990113
0.013848 0.000010 0.000010 0.000010 0.986122
0.000010 0.000010 0.000010 0.000010 0.999960
0.000010 0.000010 0.000010 0.000010 0.999960
0.000010 0.000010 0.000010 0.000010 0.999960
0.000010 0.000010 0.000010 0.000010 0.999960
0.017550 0.000010 0.000010 0.000010 0.982420
0.023418 0.000010 0.000010 0.000010 0.976552
0.005432 0.000010 0.000010 0.006921 0.987627
0.026754 0.000010 0.002132 0.000010 0.971094
0.000756 0.000010 0.020502 0.000010 0.978721
0.000010 0.000010 0.008832 0.000010 0.991138
0.031184 0.000010 0.000010 0.000010 0.968786
0.000010 0.000010 0.000010 0.000010 0.999960
0.000010 0.000010 0.000010 0.000010 0.999960
0.000010 0.000010 0.000010 0.000010 0.999960
0.000010 0.000010 0.000010 0.012408 0.987562
0.000010 0.000010 0.000010 0.000010 0.999960
0.114871 0.051229 0.815725 0.000010 0.018165
0.130194 0.159779 0.706724 0.000010 0.003293
0.068012 0.136149 0.795820 0.000010 0.000010
0.000013 0.003582 0.000010 0.000010 0.996385
0.013312 0.000010 0.000010 0.000010 0.986658
0.008031 0.000010 0.000010 0.000010 0.991939
0.010070 0.000010 0.000010 0.000010 0.989900
0.012314 0.000010 0.001017 0.036978 0.949681
0.005851 0.000010 0.000010 0.000010 0.994119
0.003761 0.000010 0.000010 0.000010 0.996209
0.000010 0.000010 0.000010 0.000010 0.999960
0.000010 0.000010 0.000026 0.000010 0.999944
0.000010 0.000010 0.000010 0.000010 0.999960
0.000010 0.000010 0.000010 0.000010 0.999960
0.009021 0.000010 0.000010 0.024564 0.966395
0.045911 0.000010 0.014681 0.000010 0.939388
0.000010 0.000010 0.000010 0.000010 0.999960
0.021026 0.000010 0.000010 0.000010 0.978944
0.003564 0.000010 0.000010 0.001901 0.994515
0.000010 0.000010 0.000010 0.099299 0.900671
0.002306 0.000010 0.000010 0.095758 0.901916
0.000010 0.000010 0.001125 0.000010 0.998845
0.000010 0.000010 0.000010 0.000010 0.999960
0.000010 0.000010 0.021739 0.008861 0.969380
0.000010 0.000010 0.000019 0.000010 0.999951
0.000010 0.000010 0.000010 0.000010 0.999960
0.000010 0.000010 0.000010 0.000010 0.999960
0.000010 0.000010 0.000010 0.000010 0.999960
0.000010 0.000010 0.000010 0.000010 0.999960
0.000010 0.000010 0.000010 0.078384 0.921586
0.000010 0.000010 0.000010 0.094071 0.905899
0.000010 0.000010 0.023517 0.000010 0.976453
0.000010 0.000010 0.000010 0.000010 0.999960
0.000010 0.000010 0.000010 0.000010 0.999960
0.000010 0.000010 0.000010 0.000010 0.999960
0.000010 0.000010 0.000010 0.084346 0.915624
0.000010 0.000010 0.000010 0.100465 0.899505
0.000010 0.000010 0.000010 0.000010 0.999960
0.128234 0.186882 0.652113 0.000010 0.032761
0.200365 0.150677 0.616259 0.029191 0.003508
0.066962 0.075622 0.816212 0.029845 0.011359
0.051060 0.062670 0.839099 0.018699 0.028472
0.000010 0.000010 0.000010 0.000010 0.999960
0.000010 0.000010 0.000010 0.000010 0.999960
0.000010 0.000010 0.000010 0.000010 0.999960
0.005863 0.000010 0.000010 0.000010 0.994107
0.000010 0.000010 0.000010 0.002886 0.997084
0.000010 0.000010 0.003531 0.000010 0.996439
0.008367 0.000010 0.000010 0.000010 0.991603
0.000010 0.000010 0.000010 0.000010 0.999960
0.008118 0.000010 0.000010 0.000010 0.991852
0.010516 0.000010 0.000010 0.000010 0.989453
0.022983 0.000010 0.000010 0.066162 0.910835
0.000010 0.000010 0.000010 0.077472 0.922498
0.000010 0.000010 0.000010 0.000010 0.999960
0.000010 0.000010 0.000010 0.000010 0.999960
0.009027 0.000010 0.000010 0.000010 0.990943
0.000010 0.000010 0.000010 0.000010 0.999960
0.000010 0.000010 0.000010 0.000010 0.999960
0.000010 0.000010 0.000010 0.000010 0.999960
0.000010 0.000010 0.000010 0.000010 0.999960
0.000010 0.000010 0.000010 0.000010 0.999960
0.006240 0.000010 0.000010 0.005035 0.988704
0.000010 0.000010 0.000010 0.000010 0.999960
0.003925 0.000010 0.000010 0.000010 0.996045
0.000010 0.000010 0.000010 0.000010 0.999960
0.000010 0.000010 0.000010 0.000010 0.999960
0.030103 0.000010 0.008531 0.000010 0.961346
0.000010 0.000010 0.000010 0.087380 0.912590
0.000010 0.000010 0.000010 0.086765 0.913205
0.060969 0.000010 0.912521 0.006421 0.020079
0.075032 0.023003 0.869205 0.000010 0.032750
0.181284 0.160633 0.626561 0.000010 0.031513
0.097846 0.119975 0.782159 0.000010 0.000010
0.039158 0.119624 0.841198 0.000010 0.000010
0.044550 0.132218 0.823212 0.000010 0.000010
0.109283 0.030508 0.812466 0.037438 0.010305
0.120273 0.094475 0.641402 0.143839 0.000010
0.217218 0.110345 0.559182 0.113245 0.000010
0.000010 0.000010 0.000010 0.040867 0.959103
0.000010 0.000010 0.000010 0.017775 0.982195
0.000010 0.000010 0.000010 0.005122 0.994848
0.000010 0.000010 0.000010 0.000010 0.999960
0.000010 0.000010 0.000010 0.000010 0.999960
0.013446 0.000010 0.000010 0.000010 0.986524
0.000010 0.000010 0.000010 0.000010 0.999960
0.000010 0.000010 0.000010 0.000010 0.999960
0.013314 0.000010 0.004427 0.000010 0.982239
0.000010 0.000010 0.000010 0.000010 0.999960
0.007720 0.000010 0.000010 0.000010 0.992250
0.000010 0.000010 0.000010 0.000010 0.999960
0.000010 0.000010 0.000010 0.000895 0.999075
0.000010 0.000010 0.000010 0.011779 0.988191
0.000010 0.000010 0.001063 0.005830 0.993087
0.080757 0.196983 0.709445 0.000010 0.012805
0.166584 0.116216 0.658049 0.059141 0.000010
0.087881 0.192491 0.719608 0.000010 0.000010
0.179148 0.300106 0.496828 0.023908 0.000010
0.118450 0.170674 0.695363 0.000010 0.015503
0.141742 0.117648 0.727653 0.000010 0.012948
0.045308 0.108703 0.830945 0.000010 0.015034
0.085974 0.107402 0.643514 0.163101 0.000010
0.145449 0.117998 0.703958 0.000010 0.032585
0.112483 0.019796 0.841466 0.000010 0.026245
0.239721 0.156414 0.501043 0.102811 0.000010
0.066641 0.346773 0.461432 0.125144 0.000010
0.239988 0.079850 0.631562 0.000010 0.048590
0.059926 0.117915 0.795371 0.000010 0.026779
0.239615 0.095995 0.654668 0.000010 0.009711
0.085770 0.048111 0.866098 0.000010 0.000010
0.099367 0.139823 0.760790 0.000010 0.000010
0.107041 0.148479 0.723957 0.000010 0.020513
0.000010 0.126646 0.873324 0.000010 0.000010
0.111241 0.199129 0.575697 0.113923 0.000010
0.115709 0.216357 0.659814 0.000010 0.008110
0.290854 0.062037 0.647089 0.000010 0.000010
0.045760 0.205147 0.705824 0.000010 0.043259
0.228423 0.138202 0.614986 0.000010 0.018379
0.180082 0.069531 0.741199 0.000010 0.009177
0.196029 0.113270 0.690681 0.000010 0.000010
0.177255 0.164409 0.552304 0.106022 0.000010
0.090092 0.124203 0.664023 0.121673 0.000010
0.190195 0.186865 0.537564 0.085365 0.000010
0.148379 0.125017 0.688019 0.000010 0.038575
0.063314 0.184956 0.730492 0.000010 0.021228
0.060509 0.155318 0.784153 0.000010 0.000010
0.078861 0.085260 0.815825 0.000010 0.020044
0.233988 0.081729 0.684264 0.000010 0.000010
0.138250 0.161861 0.678358 0.000010 0.021521
0.062575 0.055136 0.843258 0.032823 0.006208
0.105558 0.077348 0.817073 0.000010 0.000010
0.116914 0.149409 0.708188 0.000010 0.025479
0.009028 0.566737 0.424215 0.000010 0.000010
0.206107 0.103995 0.689878 0.000010 0.000010
0.129036 0.106039 0.745531 0.000010 0.019384
0.136989 0.020737 0.823269 0.011360 0.007645
0.206571 0.005085 0.788325 0.000010 0.000010
0.067778 0.031067 0.747451 0.153693 0.000010
0.407039 0.018036 0.465857 0.109059 0.000010
0.327579 0.077726 0.469782 0.124904 0.000010
0.421634 0.113617 0.444984 0.019756 0.000010
0.163089 0.084010 0.722200 0.017261 0.013441
0.259719 0.002472 0.617431 0.120368 0.000010
0.130366 0.138351 0.622192 0.109081 0.000010
0.129757 0.014407 0.852115 0.000010 0.003711
0.446512 0.028683 0.511905 0.000010 0.012890
0.162012 0.201702 0.616380 0.000010 0.019896
0.258322 0.078165 0.601146 0.034367 0.028000
0.279613 0.258283 0.433246 0.000010 0.028848
0.198330 0.027284 0.763275 0.000010 0.011100
0.307098 0.325947 0.277178 0.089767 0.000010
0.190285 0.018336 0.778168 0.000010 0.013202
0.367007 0.108772 0.479683 0.000010 0.044528
0.122700 0.164833 0.618097 0.094360 0.000010
0.173598 0.102568 0.557713 0.166112 0.000010
0.149790 0.010626 0.710779 0.128795 0.000010
0.182398 0.266149 0.548280 0.000010 0.003163
0.027919 0.044566 0.871924 0.055581 0.000010
0.076567 0.232543 0.673252 0.000964 0.016675
0.180356 0.042300 0.766271 0.011062 0.000010
0.058769 0.105664 0.793078 0.016786 0.025704
0.100163 0.066437 0.802525 0.000010 0.030865
0.317183 0.039294 0.619875 0.000010 0.023638
0.117762 0.133078 0.677060 0.000010 0.072091
0.134988 0.151187 0.647179 0.022910 0.043736
0.142907 0.100206 0.756867 0.000010 0.000010
0.330947 0.190078 0.478956 0.000010 0.000010
0.183108 0.201286 0.583128 0.000010 0.032467
0.163399 0.181113 0.655468 0.000010 0.000010
0.225974 0.037884 0.707521 0.022948 0.005673
0.165628 0.067775 0.742431 0.000010 0.024156
0.060173 0.112594 0.827213 0.000010 0.000010
0.100019 0.066926 0.662911 0.170134 0.000010
0.082928 0.090054 0.794348 0.017987 0.014683
0.160876 0.083563 0.726020 0.000010 0.029531
0.034125 0.743679 0.214280 0.000010 0.007905
0.000010 0.315651 0.668423 0.000010 0.015905
0.107151 0.078652 0.812352 0.000010 0.001835
0.089717 0.202090 0.677234 0.000010 0.030949
0.088837 0.029208 0.881934 0.000010 0.000010
0.145223 0.052639 0.770216 0.016507 0.015415
0.291523 0.120429 0.546890 0.007492 0.033665
0.196642 0.301676 0.493947 0.000010 0.007725
0.088486 0.028073 0.864040 0.007202 0.012200
0.165118 0.019753 0.762452 0.000010 0.052667
0.011099 0.014383 0.974498 0.000010 0.000010
0.257446 0.031810 0.678761 0.017663 0.014320
0.263411 0.021246 0.588891 0.126442 0.000010
0.260084 0.094774 0.618413 0.001152 0.025578
0.358703 0.091449 0.549828 0.000010 0.000010
0.020987 0.008597 0.936183 0.034224 0.000010
0.160919 0.020922 0.801472 0.000010 0.016677
0.160909 0.031702 0.649578 0.157801 0.000010
0.117694 0.074653 0.678149 0.129494 0.000010
0.079850 0.105044 0.701650 0.113446 0.000010
0.004090 0.176279 0.689259 0.130362 0.000010
0.164924 0.064078 0.621949 0.146650 0.002399
0.104194 0.225042 0.540877 0.129878 0.000010
0.095900 0.160597 0.615109 0.128385 0.000010
0.224104 0.374344 0.345365 0.055368 0.000819
0.065558 0.060089 0.722339 0.127692 0.024322
0.042129 0.164071 0.638838 0.154952 0.000010
0.111566 0.030467 0.731598 0.106587 0.019781
0.114732 0.234818 0.549173 0.101267 0.000010
0.156823 0.027537 0.709170 0.106459 0.000010
0.040772 0.000010 0.957959 0.000010 0.001249
0.630344 0.000010 0.337130 0.000010 0.032507
0.312195 0.488420 0.180429 0.000010 0.018946
0.455108 0.015192 0.523090 0.000010 0.006599
0.262539 0.085507 0.584849 0.067095 0.000010
0.292844 0.093427 0.589991 0.000010 0.023728
0.324745 0.093157 0.563908 0.000010 0.018181
0.427879 0.014342 0.473607 0.037051 0.047120
0.103064 0.004749 0.848210 0.043967 0.000010
0.259801 0.017567 0.702553 0.000010 0.020069
0.306829 0.260006 0.433145 0.000010 0.000010
0.431936 0.004937 0.563107 0.000010 0.000010
0.217202 0.001185 0.738387 0.029423 0.013803
0.276026 0.023129 0.656542 0.000010 0.044293
0.173077 0.121464 0.542638 0.162811 0.000010
0.306116 0.274853 0.329277 0.089744 0.000010
0.262962 0.096853 0.614476 0.000010 0.025699
0.076069 0.055400 0.841641 0.023595 0.003295
0.442520 0.226725 0.138914 0.191831 0.000010
0.366416 0.039491 0.472216 0.121867 0.000010
0.311655 0.000010 0.688315 0.000010 0.000010
0.340252 0.128964 0.530764 0.000010 0.000010
0.314519 0.155224 0.516680 0.000010 0.013566
0.315366 0.028714 0.620559 0.000010 0.035351
0.232228 0.018906 0.740215 0.008641 0.000010
0.300904 0.016836 0.673390 0.000010 0.008861
0.065900 0.049260 0.884820 0.000010 0.000010
0.144449 0.327770 0.501270 0.003720 0.022792
0.158087 0.345369 0.384377 0.112157 0.000010
0.021652 0.327555 0.556973 0.075202 0.018618
0.109693 0.053158 0.666602 0.170537 0.000010
0.138044 0.314294 0.450385 0.097267 0.000010
0.328913 0.153911 0.370066 0.147101 0.000010
0.208729 0.106122 0.563023 0.122116 0.000010
0.153121 0.156086 0.565454 0.125330 0.000010
0.137580 0.111345 0.618295 0.132770 0.000010
0.198546 0.043594 0.612935 0.144914 0.000010
0.148039 0.082648 0.676139 0.093163 0.000010
0.074258 0.076900 0.682459 0.166373 0.000010
0.143212 0.156517 0.574029 0.126232 0.000010
0.076412 0.000010 0.739314 0.184254 0.000010
0.331311 0.174383 0.364319 0.129977 0.000010
0.188952 0.019528 0.755200 0.007267 0.029053
0.014176 0.000010 0.957697 0.023406 0.004711
0.182770 0.080751 0.701901 0.000010 0.034568
0.442733 0.011728 0.523208 0.000010 0.022322
0.468662 0.000010 0.405740 0.125577 0.000010
0.306937 0.150347 0.454468 0.088239 0.000010
0.266114 0.010820 0.582010 0.141046 0.000010
0.643779 0.000010 0.330967 0.000010 0.025234
0.366374 0.104549 0.526220 0.000010 0.002846
0.241285 0.093002 0.538757 0.126946 0.000010
0.490851 0.071627 0.427915 0.000010 0.009597
0.387713 0.202898 0.325660 0.017347 0.066382
0.209384 0.321577 0.465052 0.000010 0.003978
0.291645 0.010004 0.694916 0.000010 0.003425
0.121609 0.017244 0.712481 0.148655 0.000010
0.372637 0.015125 0.454458 0.148185 0.009595
0.040380 0.022805 0.800348 0.136457 0.000010
0.119977 0.025123 0.704837 0.148155 0.001908
0.269924 0.428308 0.264720 0.037039 0.000010
0.376264 0.000010 0.483676 0.140040 0.000010
0.045612 0.153754 0.769241 0.031383 0.000010
0.174076 0.017015 0.766687 0.000010 0.042212
0.197596 0.013018 0.778497 0.000010 0.010879
0.125719 0.010042 0.845175 0.000010 0.019054
0.414113 0.123821 0.461934 0.000010 0.000122
0.468340 0.075298 0.411841 0.000010 0.044511
0.432033 0.109708 0.438787 0.000010 0.019462
0.228314 0.115963 0.634958 0.020755 0.000010
0.000010 0.028393 0.878664 0.077228 0.015706
0.002093 0.032387 0.965500 0.000010 0.000010
0.011760 0.028547 0.947653 0.000010 0.012030
0.004815 0.023711 0.971454 0.000010 0.000010
0.000010 0.023937 0.965059 0.010984 0.000010
0.007694 0.000010 0.988910 0.000010 0.003376
0.000010 0.025810 0.974160 0.000010 0.000010
0.014173 0.005789 0.980018 0.000010 0.000010
0.000010 0.010771 0.986236 0.002972 0.000010
0.000010 0.014337 0.973262 0.003008 0.009383
0.010566 0.000010 0.988416 0.000997 0.000010
0.000013 0.000010 0.999957 0.000010 0.000010
0.016285 0.000010 0.979271 0.000010 0.004423
0.001704 0.000010 0.996904 0.000010 0.001372
0.000010 0.001775 0.998195 0.000010 0.000010
0.000010 0.000010 0.999960 0.000010 0.000010
0.010896 0.000010 0.989074 0.000010 0.000010
0.000010 0.025416 0.921899 0.048842 0.003833
0.000010 0.043840 0.930097 0.016840 0.009214
0.009106 0.011993 0.978881 0.000010 0.000010
0.000010 0.011793 0.908619 0.052629 0.026948
0.000010 0.020930 0.959747 0.019302 0.000010
0.024530 0.010060 0.960796 0.004603 0.000010
0.008085 0.016914 0.962186 0.003931 0.008884
0.135325 0.073371 0.785461 0.005833 0.000010
0.199350 0.377726 0.408263 0.014651 0.000010
0.294173 0.041198 0.505186 0.159432 0.000010
0.731948 0.000010 0.268022 0.000010 0.000010
0.367611 0.022729 0.599255 0.000010 0.010395
0.668266 0.000010 0.300622 0.000010 0.031093
0.874038 0.000010 0.098664 0.000010 0.027278
0.261271 0.119838 0.579963 0.028825 0.010103
0.511928 0.022829 0.435281 0.000010 0.029952
0.003443 0.000010 0.215466 0.781071 0.000010
0.041174 0.000010 0.194337 0.744779 0.019700
0.021629 0.004539 0.212225 0.734550 0.027058
0.000862 0.000010 0.294355 0.704763 0.000010
0.000010 0.000010 0.000010 0.013077 0.986893
0.000010 0.000010 0.008787 0.019294 0.971898
0.001428 0.002962 0.005462 0.022958 0.967191
0.006291 0.000010 0.012818 0.006089 0.974792
0.000010 0.000010 0.000010 0.008210 0.991760
0.000010 0.000010 0.000010 0.017842 0.982128
0.003222 0.032733 0.959054 0.000010 0.004981
0.000010 0.032824 0.940944 0.000010 0.026211
0.000010 0.012982 0.976268 0.000010 0.010730
0.020954 0.017025 0.906773 0.043169 0.012079
0.000010 0.000010 0.971629 0.027749 0.000602
0.000010 0.022491 0.977479 0.000010 0.000010
0.007519 0.000010 0.977749 0.014712 0.000010
0.003154 0.027610 0.946729 0.000010 0.022498
0.000010 0.015049 0.976232 0.008700 0.000010
0.000010 0.008141 0.991829 0.000010 0.000010
0.000010 0.017943 0.944912 0.016140 0.020995
0.056436 0.020477 0.857892 0.065185 0.000010
0.000010 0.014309 0.974196 0.000010 0.011476
0.019094 0.023547 0.907767 0.049583 0.000010
0.000010 0.016955 0.957865 0.009071 0.016098
0.015158 0.045996 0.938826 0.000010 0.000010
0.000014 0.016174 0.983792 0.000010 0.000010
0.000010 0.021621 0.933982 0.021536 0.022852
0.000010 0.055396 0.940759 0.000010 0.003825
0.021633 0.079277 0.884409 0.009620 0.005061
0.000010 0.001338 0.963958 0.034684 0.000010
0.000010 0.004114 0.988821 0.007045 0.000010
0.000010 0.026901 0.929681 0.000010 0.043398
0.000010 0.041814 0.931472 0.007922 0.018783
0.000010 0.002112 0.997858 0.000010 0.000010
0.000010 0.003538 0.961796 0.034645 0.000010
0.011896 0.015520 0.934772 0.000010 0.037801
0.000010 0.000010 0.964514 0.035456 0.000010
0.000010 0.003370 0.996600 0.000010 0.000010
0.004069 0.010713 0.977791 0.007417 0.000010
0.005775 0.019723 0.974482 0.000010 0.000010
0.007533 0.013267 0.979180 0.000010 0.000010
0.000010 0.015509 0.973268 0.011203 0.000010
0.025796 0.000010 0.957137 0.000010 0.017046
0.008077 0.025569 0.952948 0.005719 0.007688
0.000010 0.026141 0.969649 0.004190 0.000010
0.000010 0.040956 0.946297 0.000010 0.012727
0.000010 0.070716 0.859830 0.017719 0.051725
0.017431 0.010218 0.930837 0.004056 0.037459
0.000010 0.006509 0.963268 0.005455 0.024758
0.019334 0.000010 0.980636 0.000010 0.000010
0.000010 0.000010 0.999960 0.000010 0.000010
0.009315 0.050196 0.926008 0.000010 0.014471
0.000010 0.004635 0.983733 0.006597 0.005025
0.000010 0.012097 0.972334 0.000010 0.015549
0.000010 0.008651 0.981523 0.000010 0.009806
0.003401 0.008632 0.977203 0.000010 0.010753
0.000010 0.016321 0.982192 0.000010 0.001467
0.000010 0.009582 0.990388 0.000010 0.000010
0.016239 0.001071 0.982670 0.000010 0.000010
0.006559 0.012887 0.951067 0.022438 0.007048
0.000010 0.014265 0.959362 0.026352 0.000010
0.000021 0.029832 0.954961 0.000010 0.015176
0.000010 0.009251 0.973417 0.009111 0.008211
0.000010 0.010599 0.846841 0.142540 0.000010
0.000010 0.007333 0.846385 0.146262 0.000010
0.000010 0.012912 0.834474 0.146025 0.006579
0.000010 0.000010 0.878456 0.121514 0.000010
0.000010 0.033042 0.966928 0.000010 0.000010
0.000012 0.000895 0.999074 0.000010 0.000010
0.009598 0.007416 0.956864 0.026112 0.000010
0.000010 0.009757 0.990213 0.000010 0.000010
0.013615 0.000010 0.957276 0.000010 0.029088
0.000010 0.013980 0.985990 0.000010 0.000010
0.000010 0.008708 0.986718 0.000010 0.004553
0.000010 0.000010 0.992991 0.006979 0.000010
0.005670 0.020158 0.974152 0.000010 0.000010
0.000010 0.026460 0.973510 0.000010 0.000010
0.000010 0.003295 0.861145 0.135539 0.000010
0.000013 0.000010 0.888914 0.111053 0.000010
0.000010 0.000010 0.995329 0.004641 0.000010
0.000010 0.000010 0.991608 0.000010 0.008362
0.012393 0.000010 0.983020 0.001642 0.002935
0.000010 0.000010 0.000010 0.000010 0.999960
0.000010 0.000010 0.002550 0.018148 0.979282
0.001956 0.000010 0.000010 0.000010 0.998014
0.000010 0.000010 0.000010 0.000010 0.999960
0.024896 0.000010 0.000010 0.024002 0.951082
0.000010 0.000010 0.000010 0.000010 0.999960
0.000010 0.000010 0.000010 0.000010 0.999960
0.000010 0.000010 0.000010 0.003016 0.996954
0.030146 0.000010 0.000010 0.000010 0.969824
0.000010 0.000010 0.000010 0.015260 0.984710
0.000010 0.000010 0.000010 0.000010 0.999960
0.001995 0.000010 0.005200 0.007631 0.985164
0.000010 0.000010 0.000010 0.000010 0.999960
0.000010 0.000010 0.000010 0.000010 0.999960
0.000010 0.000010 0.000010 0.000010 0.999960
0.000010 0.000010 0.000010 0.006981 0.992989
0.000010 0.000010 0.000010 0.000010 0.999960
0.022384 0.000010 0.000010 0.000010 0.977586
0.000010 0.000010 0.000010 0.000010 0.999960
0.000010 0.000010 0.000010 0.086995 0.912975
0.000362 0.000010 0.000010 0.000010 0.999608
0.000010 0.000010 0.000010 0.000010 0.999960
0.000010 0.000010 0.028349 0.000010 0.971621
0.005119 0.000010 0.000010 0.024553 0.970309
0.000010 0.000010 0.013956 0.000010 0.986014
0.000010 0.000010 0.002312 0.000010 0.997658
0.000010 0.000010 0.000010 0.000010 0.999960
0.000010 0.000010 0.011068 0.000010 0.988902
0.000010 0.000010 0.020342 0.029081 0.950557
0.000010 0.000010 0.000010 0.038591 0.961379
0.000010 0.000010 0.000010 0.000010 0.999960
0.017024 0.000010 0.013176 0.022140 0.947650
0.006355 0.000010 0.019975 0.000010 0.973650
0.000010 0.000010 0.000010 0.017524 0.982446
0.002457 0.000010 0.000010 0.016792 0.980732
0.002244 0.000010 0.005375 0.000010 0.992361
0.000010 0.000010 0.002524 0.067305 0.930151
0.003566 0.000010 0.000010 0.038030 0.958384
0.000010 0.000010 0.000010 0.002539 0.997431
0.000010 0.000010 0.000010 0.000010 0.999960
0.023245 0.000010 0.006511 0.000010 0.970224
0.000010 0.000010 0.000010 0.032846 0.967124
0.000010 0.000010 0.023597 0.036086 0.940297
0.000010 0.000010 0.007513 0.002379 0.990088
0.000010 0.000010 0.000010 0.000010 0.999960
0.000562 0.000010 0.000010 0.022761 0.976657
0.005907 0.001989 0.006916 0.000010 0.985178
0.015319 0.000010 0.005247 0.010190 0.969234
0.000010 0.000010 0.000010 0.025467 0.974503
0.000010 0.000010 0.020919 0.009844 0.969217
0.000010 0.000010 0.003164 0.031836 0.964980
0.012929 0.000010 0.000010 0.016845 0.970207
0.001614 0.000010 0.010393 0.040661 0.947322
0.000010 0.000010 0.000010 0.000010 0.999960
0.001141 0.000010 0.006714 0.015383 0.976751
0.000010 0.000010 0.026406 0.004912 0.968661
0.000010 0.845379 0.154591 0.000010 0.000010
0.000010 0.575496 0.135770 0.149289 0.139436
0.000010 0.960996 0.038974 0.000010 0.000010
0.000010 0.885730 0.109635 0.000010 0.004615
0.000010 0.847153 0.149165 0.000010 0.003662
0.000010 0.916610 0.078879 0.000010 0.004491
0.000010 0.929974 0.069996 0.000010 0.000010
0.008925 0.957410 0.033645 0.000010 0.000010
0.673133 0.098550 0.188307 0.008497 0.031513
0.571840 0.070570 0.336898 0.005373 0.015320
0.000010 0.938404 0.052545 0.000010 0.009031
0.000010 0.999960 0.000010 0.000010 0.000010
0.008766 0.956878 0.024442 0.000010 0.009904
0.001440 0.929560 0.058738 0.000010 0.010251
0.000010 0.999960 0.000010 0.000010 0.000010
0.745518 0.000010 0.219053 0.013144 0.022275
0.786344 0.000010 0.195514 0.018122 0.000010
0.973167 0.000010 0.026803 0.000010 0.000010
0.491530 0.019898 0.454512 0.000010 0.034050
0.999960 0.000010 0.000010 0.000010 0.000010
0.672457 0.132566 0.121083 0.000010 0.073884
0.999960 0.000010 0.000010 0.000010 0.000010
0.999960 0.000010 0.000010 0.000010 0.000010
0.999957 0.000013 0.000010 0.000010 0.000010
0.381932 0.239804 0.292268 0.000912 0.085083
0.480490 0.047317 0.462477 0.009706 0.000010
0.706788 0.000010 0.293182 0.000010 0.000010
0.992807 0.000010 0.000010 0.007163 0.000010
0.719877 0.056034 0.224069 0.000010 0.000010
0.886246 0.033908 0.073946 0.000010 0.005890
0.689954 0.000010 0.289442 0.006265 0.014329
0.575133 0.000010 0.068999 0.000010 0.355848
0.772060 0.000010 0.200959 0.026961 0.000010
0.677131 0.000010 0.303115 0.000010 0.019734
0.568033 0.353956 0.072513 0.005487 0.000010
0.833930 0.166040 0.000010 0.000010 0.000010
0.971584 0.000010 0.028386 0.000010 0.000010
0.949101 0.000010 0.050869 0.000010 0.000010
0.999960 0.000010 0.000010 0.000010 0.000010
0.000010 0.880550 0.116010 0.000010 0.003420
0.014689 0.832488 0.152707 0.000107 0.000010
0.955852 0.000010 0.000010 0.044118 0.000010
0.713625 0.097038 0.075228 0.114099 0.000010
0.712755 0.000010 0.287215 0.000010 0.000010
0.958864 0.000010 0.041106 0.000010 0.000010
0.614063 0.000010 0.285200 0.045065 0.055662
0.745734 0.142331 0.103425 0.008499 0.000010
0.792179 0.043691 0.121616 0.000010 0.042504
0.999960 0.000010 0.000010 0.000010 0.000010
0.660485 0.000010 0.317269 0.022226 0.000010
0.623185 0.001870 0.362256 0.000010 0.012679
0.759881 0.036058 0.163543 0.000010 0.040507
0.623975 0.013767 0.305305 0.027378 0.029576
0.836922 0.015535 0.122204 0.010816 0.014523
0.005020 0.988426 0.006534 0.000010 0.000010
0.000010 0.999960 0.000010 0.000010 0.000010
0.020566 0.350786 0.480568 0.050635 0.097445
0.000010 0.455226 0.374212 0.020537 0.150014
0.006579 0.937356 0.056045 0.000010 0.000010
0.491359 0.000010 0.473937 0.000010 0.034683
0.940782 0.000010 0.059188 0.000010 0.000010
0.757258 0.000010 0.242712 0.000010 0.000010
0.879446 0.000010 0.120524 0.000010 0.000010
0.821952 0.025296 0.152732 0.000010 0.000010
0.307014 0.429070 0.181688 0.082217 0.000010
0.890947 0.000010 0.078102 0.000010 0.030931
0.000010 0.992674 0.000398 0.000010 0.006908
0.000010 0.914992 0.077379 0.000010 0.007609
0.000010 0.963919 0.036051 0.000010 0.000010
0.000010 0.982001 0.017969 0.000010 0.000010
0.000010 0.890365 0.109605 0.000010 0.000010
0.000010 0.000010 0.000010 0.076775 0.923195
0.000010 0.000010 0.029986 0.033711 0.936283
0.000010 0.000010 0.023032 0.036700 0.940247
0.013291 0.000010 0.042390 0.000010 0.944299
0.000010 0.000010 0.000010 0.011686 0.988284
0.000010 0.000010 0.006711 0.056391 0.936877
0.008741 0.000020 0.000010 0.000010 0.991219
0.004019 0.000010 0.000010 0.030379 0.965582
0.000010 0.000010 0.000010 0.000010 0.999960
0.000010 0.000010 0.000010 0.000010 0.999960
0.000010 0.000010 0.000010 0.000010 0.999960
0.020144 0.000010 0.006784 0.024081 0.948981
0.000010 0.000010 0.033393 0.008625 0.957962
0.000010 0.000010 0.000010 0.027516 0.972454
0.005633 0.000010 0.000010 0.000010 0.994337
0.000780 0.000010 0.000010 0.045392 0.953808
0.000010 0.000010 0.000010 0.007794 0.992176
0.001394 0.993840 0.004746 0.000010 0.000010
0.007488 0.952639 0.039853 0.000010 0.000010
0.001068 0.784700 0.205172 0.005344 0.003715
0.001257 0.868366 0.107738 0.000010 0.022629
0.024966 0.006228 0.000010 0.010543 0.958253
0.000010 0.000010 0.010935 0.052561 0.936485
0.000010 0.000010 0.000010 0.019792 0.980178
0.003162 0.000010 0.014733 0.029271 0.952824
0.000010 0.000010 0.000010 0.000010 0.999960
0.000010 0.000010 0.038539 0.043406 0.918035
0.016346 0.000010 0.000010 0.009850 0.973784
0.000010 0.000010 0.000010 0.013431 0.986539
0.000010 0.000010 0.018765 0.019638 0.961576
0.000010 0.000010 0.016279 0.000010 0.983691
0.000010 0.000010 0.004384 0.024704 0.970892
0.007739 0.000010 0.000010 0.052221 0.940020
0.000010 0.000010 0.000010 0.025302 0.974668
0.000010 0.000010 0.000010 0.060057 0.939913
0.000010 0.000010 0.003765 0.027898 0.968316
0.006757 0.000907 0.023138 0.000723 0.968476
0.001702 0.000010 0.000010 0.000010 0.998268
0.000010 0.000010 0.000010 0.000010 0.999960
0.000010 0.000010 0.000010 0.009682 0.990288
0.000010 0.000010 0.000010 0.000010 0.999960
0.011832 0.000010 0.000010 0.021418 0.966730
0.602151 0.061963 0.326513 0.000010 0.009363
0.408741 0.292283 0.298956 0.000010 0.000010
0.014446 0.973408 0.012126 0.000010 0.000010
0.853708 0.000010 0.022471 0.123802 0.000010
0.859338 0.018961 0.108902 0.000010 0.012789
0.999067 0.000010 0.000903 0.000010 0.000010
0.003769 0.992047 0.004164 0.000010 0.000010
0.000010 0.924636 0.073026 0.000765 0.001563
0.000010 0.999960 0.000010 0.000010 0.000010
0.013365 0.000010 0.022637 0.009590 0.954398
0.000010 0.000010 0.005380 0.000010 0.994590
0.000010 0.000010 0.004345 0.000010 0.995625
0.000715 0.000010 0.000010 0.000010 0.999255
0.000010 0.000010 0.012012 0.038496 0.949471
0.013563 0.000010 0.000010 0.043134 0.943283
0.000010 0.000010 0.000010 0.021676 0.978294
0.006100 0.000010 0.000010 0.059850 0.934030
0.000010 0.000010 0.000010 0.000010 0.999960
0.000010 0.000010 0.005569 0.000010 0.994401
0.000010 0.000010 0.016902 0.068278 0.914799
0.000010 0.000010 0.000010 0.011878 0.988092
0.000010 0.001176 0.000010 0.019844 0.978960
0.007436 0.000010 0.000010 0.017412 0.975132
0.004802 0.000010 0.000010 0.030049 0.965129
0.000010 0.000010 0.000010 0.000010 0.999960
0.000010 0.000010 0.117724 0.000010 0.882246
0.000010 0.686404 0.276522 0.000010 0.037054
0.001777 0.965117 0.028486 0.002248 0.002373
0.811592 0.000010 0.188378 0.000010 0.000010
0.925383 0.000010 0.074587 0.000010 0.000010
0.999960 0.000010 0.000010 0.000010 0.000010
0.000010 0.000010 0.000010 0.003643 0.996327
0.000010 0.000010 0.032494 0.024189 0.943297
0.019822 0.000010 0.000010 0.021926 0.958231
0.000010 0.000010 0.015564 0.000010 0.984406
0.000010 0.000019 0.000010 0.000010 0.999951
0.000010 0.000010 0.000010 0.000010 0.999960
0.004263 0.000010 0.000010 0.012642 0.983075
0.000010 0.000010 0.006618 0.014094 0.979268
0.000010 0.000010 0.006096 0.005618 0.988266
0.000010 0.000010 0.000010 0.104589 0.895381
0.000010 0.000010 0.000010 0.090050 0.909920
0.000010 0.000010 0.000010 0.084053 0.915917
0.000010 0.000010 0.000010 0.118373 0.881597
0.000010 0.000010 0.000010 0.109934 0.890036
0.000010 0.000010 0.000010 0.000010 0.999960
0.000010 0.000010 0.000010 0.019967 0.980003
0.002837 0.000010 0.000010 0.000010 0.997133
0.002902 0.000151 0.001955 0.004903 0.990089
0.000020 0.000010 0.000010 0.000010 0.999950
0.008844 0.000010 0.000010 0.000010 0.991126
0.000010 0.004199 0.000010 0.000010 0.995771
0.005103 0.000010 0.000010 0.020244 0.974633
0.000010 0.000010 0.000010 0.000010 0.999960
0.020426 0.001959 0.000010 0.024435 0.953170
0.000010 0.000010 0.010564 0.000010 0.989406
0.000010 0.002147 0.989963 0.000010 0.007869
0.000010 0.001808 0.866525 0.131647 0.000010
0.000010 0.010616 0.985837 0.003527 0.000010
0.000010 0.011209 0.965917 0.001603 0.021261
0.003052 0.006845 0.981760 0.008333 0.000010
0.000010 0.015955 0.984015 0.000010 0.000010
0.000010 0.000010 0.977370 0.022600 0.000010
0.000010 0.000010 0.999960 0.000010 0.000010
0.000013 0.007758 0.984401 0.000010 0.007819
0.004566 0.048524 0.928700 0.018199 0.000010
0.014054 0.015666 0.962483 0.007787 0.000010
0.000010 0.064038 0.935932 0.000010 0.000010
0.000010 0.026102 0.973868 0.000010 0.000010
0.000010 0.021894 0.863281 0.079669 0.035146
0.000010 0.000010 0.000010 0.000010 0.999960
0.730478 0.000010 0.156827 0.112675 0.000010
0.610276 0.030637 0.226409 0.132669 0.000010
0.000010 0.983782 0.000010 0.000010 0.016188
0.053266 0.806633 0.113126 0.000010 0.026965
0.999960 0.000010 0.000010 0.000010 0.000010
0.740096 0.000010 0.220581 0.000010 0.039302
0.797746 0.000010 0.108620 0.093614 0.000010
0.896390 0.000010 0.006739 0.096851 0.000010
0.999960 0.000010 0.000010 0.000010 0.000010
0.999957 0.000010 0.000013 0.000010 0.000010
0.999960 0.000010 0.000010 0.000010 0.000010
0.568705 0.385971 0.000010 0.024720 0.020593
0.999960 0.000010 0.000010 0.000010 0.000010
0.591302 0.011770 0.363764 0.000010 0.033154
0.999960 0.000010 0.000010 0.000010 0.000010
0.003611 0.960760 0.035609 0.000010 0.000010
0.000010 0.850767 0.149203 0.000010 0.000010
0.002432 0.970253 0.000215 0.027090 0.000010
